LINEWIDTH = 3.0
DRAWING_LINEWIDTH = 3.0

LINE_COLOR = 0.0;0.0;1.0
HOVER_LINE_COLOR = 1.0;0.0;0.0
DRAWING_LINE_COLOR = 0.0;0.5019608;0.0
INTERSECTION_COLOR = 0.8235294;0.4117647;0.11764706f
SOLUTION_LINE_COLOR = 1.0;0.0;0.0
